
8.01572196 0.         0.        
 0.         13.88363769  0.        
 0.          0.         20.68133291
Te       0.000000000   0.328561597   0.091144415
Te       0.500000001   0.823749761   0.085413935
Te       0.000000000   0.665664768   0.429738358
Te       0.500000001   0.171789306   0.438009064
Te       0.000000000  -0.006696717   0.762570813
Ge       0.500000001   0.503255598   0.220017785
Te       0.500000001   0.499468170   0.764518052
Ge       0.000000000   0.340020196   0.580187345
Ge       0.500000001   0.838848882   0.565181029
Ge       0.000000000   0.663503626   0.936141432
Ge       0.500000001   0.171834810   0.892270808
