8.01572196 0.         0.        
 0.         13.88363769  0.        
 0.          0.         20.68133291
Te       0.000000000   0.318329043   0.093651167
Te       0.500000001   0.801111002   0.071641181
Te       0.000000000   0.685722256   0.432403484
Te       0.500000001   0.194142721   0.442903723
Te       0.000000000  -0.016228849   0.770661255
Ge       0.500000001   0.491981576   0.219998630
Te       0.500000001   0.489800148   0.763520584
Ge       0.000000000   0.366065282   0.576870970
Ge       0.500000001   0.860068305   0.565846381
Ge       0.000000000   0.643607884   0.933000111
Ge       0.500000001   0.165400629   0.894695550
