8.01572196 0.         0.        
 0.         13.88363769  0.        
 0.          0.         20.68133291
Te       0.000000000   0.325545454   0.092135845
Te       0.500000001   0.810515146   0.075445242
Te       0.000000000   0.675226257   0.430753064
Te       0.500000001   0.183566738   0.442390249
Te       0.000000000  -0.010279063   0.765774217
Ge       0.500000001   0.497458728   0.221476212
Te       0.500000001   0.496849362   0.764270524
Ge       0.000000000   0.353787943   0.579548325
Ge       0.500000001   0.847989626   0.566805827
Ge       0.000000000   0.652003028   0.932920610
Ge       0.500000001   0.167336775   0.893672918
