8.01572196 0.         0.        
 0.         13.88363769  0.        
 0.          0.         20.68133291
Te 0.0 0.33333333295196443 0.09852636833333334
Te 0.5000000006591602 0.833333332292804 0.09852636833333339
Te 0.0 0.6666666660423238 0.43185970166666676
Te 0.5000000006591602 0.16666666670148417 0.43185970166666665
Ge 0.0 1.3839494827916354e-10 0.23480696499999998
Te 0.0 4.51003900892033e-10 0.7651930349999999
Ge 0.5000000006591602 0.4999999994792346 0.23480696500000003
Te 0.5000000006591602 0.49999999979184356 0.765193035
Ge 0.0 0.33333333322875436 0.5681402983333333
Ge 0.5000000006591602 0.8333333325695942 0.5681402983333333
Ge 0.0 0.6666666663191139 0.9014736316666666
Ge 0.5000000006591602 0.1666666669782741 0.9014736316666666
