
24.04716588  0.          0.        
 0.         27.76727538  0.        
 0.          0.         20.68133291
Te       0.000000000   0.167881701   0.093536229
Te       0.166359467   0.418638156   0.098531152
Te       0.000000000   0.333169699   0.431495333
Te       0.166783159   0.083414549   0.430685291
Te       0.000000000   0.000363701   0.764682704
Ge       0.162354539   0.249729027   0.230017658
Te       0.166169495   0.249091114   0.767222456
Ge       0.000000000   0.165957085   0.566351080
Ge       0.166163019   0.418436162   0.567934910
Ge       0.000000000   0.323585050   0.914039937
Ge       0.166110015   0.083128315   0.902374150
Te       0.000000000   0.668438034   0.098264130
Te       0.169438850   0.915185337   0.092775378
Te       0.000000000   0.832457709   0.430897886
Te       0.167374636   0.583804268   0.432559538
Ge       0.000000000   0.502647436   0.236090653
Te       0.000000000   0.498429571   0.766148320
Ge       0.168354210   0.753380115   0.230409485
Te       0.165619804   0.751163580   0.765643691
Ge       0.000000000   0.667438238   0.569414657
Ge       0.165227139   0.916510784   0.566377319
Ge       0.000000000   0.834565511   0.902070791
Ge       0.164125699   0.582969593   0.899502044
Te       0.332571281   0.166190061   0.098253662
Te       0.500000000   0.415757419   0.099938524
Te       0.333088517   0.332815658   0.432029904
Te       0.500000000   0.082742988   0.432722113
Ge       0.330923486  -0.002537977   0.230371688
Te       0.332731885   0.000237334   0.766302788
Ge       0.500000000   0.249360034   0.234760097
Te       0.500000000   0.250718303   0.766732761
Ge       0.330930597   0.164642389   0.567661662
Ge       0.500000000   0.415282672   0.567666891
Ge       0.333020281   0.332979331   0.902272571
Ge       0.500000000   0.083619797   0.901576831
Te       0.334587882   0.665146876   0.097812678
Te       0.500000000   0.915240313   0.097015482
Te       0.333507485   0.833690048   0.432473087
Te       0.500000000   0.583234612   0.433007980
Ge       0.332979336   0.499433869   0.236407626
Te       0.331979258   0.499589811   0.765088454
Ge       0.500000000   0.748713064   0.234066389
Te       0.500000000   0.750158040   0.765113616
Ge       0.335922429   0.668456054   0.572295275
Ge       0.500000000   0.916372724   0.569636463
Ge       0.325468379   0.837351333   0.911111624
Ge       0.500000000   0.586974716   0.897735971
Te       0.667428719   0.166190061   0.098253662
Te       0.833640534   0.418638156   0.098531152
Te       0.666911483   0.332815658   0.432029904
Te       0.833216842   0.083414549   0.430685291
Ge       0.669076514  -0.002537977   0.230371688
Te       0.667268115   0.000237334   0.766302788
Ge       0.837645462   0.249729027   0.230017658
Te       0.833830505   0.249091114   0.767222456
Ge       0.669069403   0.164642389   0.567661662
Ge       0.833836981   0.418436162   0.567934910
Ge       0.666979719   0.332979331   0.902272571
Ge       0.833889985   0.083128315   0.902374150
Te       0.665412118   0.665146876   0.097812678
Te       0.830561150   0.915185337   0.092775378
Te       0.666492515   0.833690048   0.432473087
Te       0.832625364   0.583804268   0.432559538
Ge       0.667020664   0.499433869   0.236407626
Te       0.668020742   0.499589811   0.765088454
Ge       0.831645790   0.753380115   0.230409485
Te       0.834380196   0.751163580   0.765643691
Ge       0.664077571   0.668456054   0.572295275
Ge       0.834772861   0.916510784   0.566377319
Ge       0.674531621   0.837351333   0.911111624
Ge       0.835874302   0.582969593   0.899502044
