
 8.01572197 -4.62787922 13.78755528
 0.          9.25575845 13.78755528
-8.01572197 -4.62787922 13.78755528
Te       0.382030736   0.382030736   0.382030736
Ge       0.118274675   0.118274675   0.610408224
Te       0.386424058   0.386424058   0.880929227
Ge       0.118274675   0.610408224   0.118274675
Te       0.386424058   0.880929227   0.386424058
Ge       0.105468299   0.618218858   0.618218858
Te       0.382158449   0.880516250   0.880516250
Ge       0.610408224   0.118274675   0.118274675
Te       0.880929227   0.386424058   0.386424058
Ge       0.618218858   0.105468299   0.618218858
Te       0.880516250   0.382158449   0.880516250
Ge       0.618218858   0.618218858   0.105468299
Te       0.880516250   0.880516250   0.382158449
Ge       0.632814900   0.632814900   0.632814900
Te       0.881919001   0.881919001   0.881919001
