
 8.01572197 -4.62787922 13.78755528
 0.          9.25575845 13.78755528
-8.01572197 -4.62787922 13.78755528
Ge       0.120084908   0.120084907   0.599037102
Te       0.386931247   0.386931247   0.876190681
Ge       0.120084907   0.599037102   0.120084907
Te       0.386931247   0.876190681   0.386931247
Ge       0.076247178   0.640414366   0.640414366
Te       0.385265538   0.880515401   0.880515400
Ge       0.599037102   0.120084907   0.120084908
Te       0.876190681   0.386931247   0.386931247
Ge       0.640414366   0.076247178   0.640414366
Te       0.880515401   0.385265538   0.880515401
Ge       0.640414366   0.640414366   0.076247178
Te       0.880515400   0.880515401   0.385265538
Ge       0.632668985   0.632668985   0.632668985
Te       0.879618773   0.879618773   0.879618773
