
 8.01572197 -4.62787922 13.78755528
 0.          9.25575845 13.78755528
-8.01572197 -4.62787922 13.78755528
Te       0.118905416   0.118905416   0.118905416
Te       0.382732597   0.382732597   0.382732597
Ge       0.116745430   0.116745430   0.620974131
Te       0.383610259   0.383610259   0.883058309
Ge       0.116745430   0.620974131   0.116745430
Te       0.383610259   0.883058309   0.383610259
Ge       0.121596983   0.616755409   0.616755409
Te       0.396879744   0.870176143   0.870176143
Ge       0.620974131   0.116745430   0.116745430
Te       0.883058309   0.383610259   0.383610259
Ge       0.616755409   0.121596983   0.616755409
Te       0.870176143   0.396879744   0.870176143
Ge       0.616755409   0.616755409   0.121596983
Te       0.870176143   0.870176143   0.396879744
Ge       0.618539275   0.618539275   0.618539275
Te       0.882739063   0.882739063   0.882739063
