8.183
 8.01572197 -4.62787922 13.78755528
 0.          9.25575845 13.78755528
-8.01572197 -4.62787922 13.78755528
Ge 0.1174034825 0.1174034825 0.1174034825
Te 0.3825965175 0.3825965175 0.3825965175
Ge 0.1174034825 0.1174034825 0.6174034825
Te 0.3825965175 0.3825965175 0.8825965175
Ge 0.1174034825 0.6174034825 0.1174034825
Te 0.3825965175 0.8825965175 0.3825965175
Ge 0.1174034825 0.6174034825 0.6174034825
Te 0.3825965175 0.8825965175 0.8825965175
Ge 0.6174034825 0.1174034825 0.1174034825
Te 0.8825965175 0.3825965175 0.3825965175
Ge 0.6174034825 0.1174034825 0.6174034825
Te 0.8825965175 0.3825965175 0.8825965175
Ge 0.6174034825 0.6174034825 0.1174034825
Te 0.8825965175 0.8825965175 0.3825965175
Ge 0.6174034825 0.6174034825 0.6174034825
Te 0.8825965175 0.8825965175 0.8825965175
