
 8.01572197 -4.62787922 13.78755528
 0.          9.25575845 13.78755528
-8.01572197 -4.62787922 13.78755528
Ge       0.120236845   0.120236845   0.120236845
Ge       0.380353393   0.380353393   0.380353393
Ge       0.122192851   0.122192851   0.614542135
Te       0.384175518   0.384175518   0.881779530
Ge       0.122192851   0.614542135   0.122192851
Te       0.384175518   0.881779530   0.384175518
Ge       0.134455574   0.598828645   0.598828645
Te       0.385769335   0.884950371   0.884950371
Ge       0.614542135   0.122192851   0.122192851
Te       0.881779530   0.384175518   0.384175518
Ge       0.598828645   0.134455574   0.598828645
Te       0.884950371   0.385769335   0.884950371
Ge       0.598828645   0.598828645   0.134455574
Te       0.884950371   0.884950371   0.385769335
Ge       0.618382607   0.618382607   0.618382607
Te       0.884185810   0.884185810   0.884185810
