
 8.01572197 -4.62787922 13.78755528
 0.          9.25575845 13.78755528
-8.01572197 -4.62787922 13.78755528
Ge       0.117568590   0.117568590   0.117568590
Ge       0.122199952   0.122199952   0.615430762
Te       0.382153466   0.382153466   0.882377307
Ge       0.122199952   0.615430762   0.122199952
Te       0.382153466   0.882377307   0.382153466
Ge       0.130851853   0.608803439   0.608803439
Te       0.387762043   0.882153909   0.882153909
Ge       0.615430762   0.122199952   0.122199952
Te       0.882377307   0.382153466   0.382153466
Ge       0.608803439   0.130851853   0.608803439
Te       0.882153909   0.387762043   0.882153909
Ge       0.608803439   0.608803439   0.130851853
Te       0.882153909   0.882153909   0.387762043
Ge       0.617930882   0.617930882   0.617930882
Te       0.874860514   0.874860514   0.874860514
