
 8.01572197 -4.62787922 13.78755528
 0.          9.25575845 13.78755528
-8.01572197 -4.62787922 13.78755528
Te       0.380613543   0.380613543   0.380613543
Ge       0.118113522   0.118113522   0.608805724
Te       0.385790850   0.385790850   0.880002940
Ge       0.118113522   0.608805724   0.118113522
Te       0.385790850   0.880002940   0.385790850
Ge       0.103520240   0.618028097   0.618028097
Te       0.379550274   0.882073485   0.882073485
Ge       0.608805724   0.118113522   0.118113522
Te       0.880002940   0.385790850   0.385790850
Ge       0.618028097   0.103520240   0.618028097
Te       0.882073485   0.379550274   0.882073485
Ge       0.618028097   0.618028097   0.103520240
Te       0.882073485   0.882073485   0.379550274
Ge       0.631921412   0.631921412   0.631921412
Te       0.880790492   0.880790492   0.880790492
