
 8.01572197 -4.62787922 13.78755528
 0.          9.25575845 13.78755528
-8.01572197 -4.62787922 13.78755528
Te       0.126783468   0.126783468   0.126783468
Te       0.381403864   0.381403864   0.381403864
Ge       0.117426983   0.117426983   0.618281694
Te       0.385679392   0.385679392   0.877922134
Ge       0.117426983   0.618281694   0.117426983
Te       0.385679392   0.877922134   0.385679392
Ge       0.115599801   0.617220082   0.617220082
Te       0.392045958   0.869327707   0.869327707
Ge       0.618281694   0.117426983   0.117426983
Te       0.877922134   0.385679392   0.385679392
Ge       0.617220082   0.115599801   0.617220082
Te       0.869327707   0.392045958   0.869327707
Ge       0.617220082   0.617220082   0.115599801
Te       0.869327707   0.869327707   0.392045958
Ge       0.627025048   0.627025048   0.627025048
Te       0.881629705   0.881629705   0.881629705
