
 8.01572197 -4.62787922 13.78755528
 0.          9.25575845 13.78755528
-8.01572197 -4.62787922 13.78755528
Te       0.383036799   0.383036799   0.383036799
Ge       0.119164302   0.119164302   0.608803648
Te       0.386484334   0.386484334   0.881171527
Ge       0.119164302   0.608803648   0.119164302
Te       0.386484334   0.881171527   0.386484334
Ge       0.105323142   0.618944221   0.618944221
Te       0.386696979   0.876365380   0.876365380
Ge       0.608803648   0.119164302   0.119164302
Te       0.881171527   0.386484334   0.386484334
Ge       0.618944221   0.105323142   0.618944221
Te       0.876365380   0.386696979   0.876365380
Ge       0.618944221   0.618944221   0.105323142
Te       0.876365380   0.876365380   0.386696979
Ge       0.632442884   0.632442884   0.632442884
Te       0.883205064   0.883205064   0.883205064
