
 8.01572197 -4.62787922 13.78755528
 0.          9.25575845 13.78755528
-8.01572197 -4.62787922 13.78755528
Ge       0.117383904   0.117383904   0.117383904
Ge       0.114539695   0.114539695   0.625904660
Te       0.383249870   0.383249870   0.883747058
Ge       0.114539695   0.625904660   0.114539695
Te       0.383249870   0.883747058   0.383249870
Ge       0.141838667   0.602077699   0.602077699
Te       0.388099444   0.883382814   0.883382814
Ge       0.625904660   0.114539695   0.114539695
Te       0.883747058   0.383249870   0.383249870
Ge       0.602077699   0.141838667   0.602077699
Te       0.883382814   0.388099444   0.883382814
Ge       0.602077699   0.602077699   0.141838667
Te       0.883382814   0.883382814   0.388099444
Ge       0.618193780   0.618193780   0.618193780
Te       0.875735810   0.875735810   0.875735810
