 8.01572197 -4.62787922 13.78755528
 0.          9.25575845 13.78755528
-8.01572197 -4.62787922 13.78755528
Te       0.381254977   0.381254977   0.381254977
Ge       0.118781880   0.118781880   0.609469763
Te       0.386414328   0.386414328   0.880644013
Ge       0.118781880   0.609469763   0.118781880
Te       0.386414328   0.880644013   0.386414328
Ge       0.104103261   0.618676368   0.618676368
Te       0.380115380   0.882691313   0.882691313
Ge       0.609469763   0.118781880   0.118781880
Te       0.880644013   0.386414328   0.386414328
Ge       0.618676368   0.104103260   0.618676368
Te       0.882691313   0.380115380   0.882691313
Ge       0.618676368   0.618676368   0.104103261
Te       0.882691313   0.882691313   0.380115380
Ge       0.632464774   0.632464774   0.632464774
Te       0.881416570   0.881416570   0.881416570
