
 8.01572197 -4.62787922 13.78755528
 0.          9.25575845 13.78755528
-8.01572197 -4.62787922 13.78755528
Ge       0.381569563   0.381569563   0.381569563
Ge       0.126001936   0.126001936   0.601867176
Te       0.386456445   0.386456445   0.880552925
Ge       0.126001936   0.601867176   0.126001936
Te       0.386456445   0.880552925   0.386456445
Ge       0.117557207   0.602709921   0.602709921
Te       0.383595538   0.883916604   0.883916604
Ge       0.601867176   0.126001936   0.126001936
Te       0.880552925   0.386456445   0.386456445
Ge       0.602709921   0.117557207   0.602709921
Te       0.883916604   0.383595538   0.883916604
Ge       0.602709921   0.602709921   0.117557207
Te       0.883916604   0.883916604   0.383595538
Ge       0.632565932   0.632565932   0.632565932
Te       0.883885000   0.883885000   0.883885000
