
 8.01572197 -4.62787922 13.78755528
 0.          9.25575845 13.78755528
-8.01572197 -4.62787922 13.78755528
Ge       0.120730388   0.120730388   0.120730388
Ge       0.382320991   0.382320991   0.382320991
Ge       0.122658767   0.122658767   0.610374432
Te       0.384147661   0.384147661   0.882079919
Ge       0.122658767   0.610374432   0.122658767
Te       0.384147661   0.882079919   0.384147661
Ge       0.127765503   0.602188735   0.602188736
Te       0.386451016   0.884774813   0.884774813
Ge       0.610374432   0.122658767   0.122658767
Te       0.882079919   0.384147661   0.384147661
Ge       0.602188735   0.127765503   0.602188735
Te       0.884774813   0.386451016   0.884774813
Ge       0.602188736   0.602188735   0.127765503
Te       0.884774813   0.884774813   0.386451016
Ge       0.619084253   0.619084253   0.619084253
Te       0.883653545   0.883653545   0.883653545
