
12.02358295 -6.94181883 20.68133291
 0.         13.88363768 20.68133291
-12.02358295  -6.94181883  20.68133291
Te       0.255150740   0.255150740   0.255150740
Ge       0.078574536   0.078574536   0.409430908
Te       0.254567645   0.254567645   0.588944081
Ge       0.078062593   0.078062593   0.746773120
Te       0.256273718   0.256273718   0.919954126
Ge       0.078574536   0.409430908   0.078574536
Te       0.254567645   0.588944081   0.254567645
Ge       0.077662274   0.411788671   0.411788671
Te       0.255632156   0.588179643   0.588179643
Ge       0.073387074   0.408102291   0.749089965
Te       0.254273121   0.589141142   0.922716339
Ge       0.078062593   0.746773120   0.078062593
Te       0.256273718   0.919954126   0.256273718
Ge       0.073387074   0.749089965   0.408102291
Te       0.254273121   0.922716339   0.589141142
Ge       0.080207942   0.743722625   0.743722625
Te       0.255057227   0.919858192   0.919858192
Ge       0.409430908   0.078574536   0.078574536
Te       0.588944081   0.254567645   0.254567645
Ge       0.411788671   0.077662274   0.411788671
Te       0.588179643   0.255632156   0.588179643
Ge       0.408102291   0.073387074   0.749089965
Te       0.589141142   0.254273121   0.922716339
Ge       0.411788671   0.411788671   0.077662274
Te       0.588179643   0.588179643   0.255632156
Ge       0.411542170   0.411542170   0.411542170
Te       0.590172622   0.590172622   0.590172622
Ge       0.413636669   0.413636669   0.744565175
Te       0.587996194   0.587996194   0.920633373
Ge       0.408102291   0.749089965   0.073387074
Te       0.589141142   0.922716339   0.254273121
Ge       0.413636669   0.744565175   0.413636669
Te       0.587996194   0.920633373   0.587996194
Ge       0.408323747   0.750651748   0.750651748
Te       0.588136676   0.921892235   0.921892235
Ge       0.746773120   0.078062593   0.078062593
Te       0.919954126   0.256273718   0.256273718
Ge       0.749089965   0.073387074   0.408102291
Te       0.922716339   0.254273121   0.589141142
Ge       0.743722625   0.080207942   0.743722625
Te       0.919858192   0.255057227   0.919858192
Ge       0.749089965   0.408102291   0.073387074
Te       0.922716339   0.589141142   0.254273121
Ge       0.744565175   0.413636669   0.413636669
Te       0.920633373   0.587996194   0.587996194
Ge       0.750651748   0.408323747   0.750651748
Te       0.921892235   0.588136676   0.921892235
Ge       0.743722625   0.743722625   0.080207942
Te       0.919858192   0.919858192   0.255057227
Ge       0.750651748   0.750651748   0.408323747
Te       0.921892235   0.921892235   0.588136676
Ge       0.744047764   0.744047764   0.744047764
Te       0.921668104   0.921668104   0.921668104
