8.183
12.02358295 -6.94181883 20.68133291
 0.         13.88363768 20.68133291
-12.02358295  -6.94181883  20.68133291
Ge 0.07826898833333333 0.07826898833333333 0.07826898833333333
Te 0.255064345 0.255064345 0.255064345
Ge 0.07826898833333333 0.07826898833333333 0.41160232166666666
Te 0.255064345 0.255064345 0.5883976783333333
Ge 0.07826898833333333 0.07826898833333333 0.7449356549999999
Te 0.255064345 0.255064345 0.9217310116666666
Ge 0.07826898833333333 0.41160232166666666 0.07826898833333333
Te 0.255064345 0.5883976783333333 0.255064345
Ge 0.07826898833333333 0.41160232166666666 0.41160232166666666
Te 0.255064345 0.5883976783333333 0.5883976783333333
Ge 0.07826898833333333 0.41160232166666666 0.7449356549999999
Te 0.255064345 0.5883976783333333 0.9217310116666666
Ge 0.07826898833333333 0.7449356549999999 0.07826898833333333
Te 0.255064345 0.9217310116666666 0.255064345
Ge 0.07826898833333333 0.7449356549999999 0.41160232166666666
Te 0.255064345 0.9217310116666666 0.5883976783333333
Ge 0.07826898833333333 0.7449356549999999 0.7449356549999999
Te 0.255064345 0.9217310116666666 0.9217310116666666
Ge 0.41160232166666666 0.07826898833333333 0.07826898833333333
Te 0.5883976783333333 0.255064345 0.255064345
Ge 0.41160232166666666 0.07826898833333333 0.41160232166666666
Te 0.5883976783333333 0.255064345 0.5883976783333333
Ge 0.41160232166666666 0.07826898833333333 0.7449356549999999
Te 0.5883976783333333 0.255064345 0.9217310116666666
Ge 0.41160232166666666 0.41160232166666666 0.07826898833333333
Te 0.5883976783333333 0.5883976783333333 0.255064345
Ge 0.41160232166666666 0.41160232166666666 0.41160232166666666
Te 0.5883976783333333 0.5883976783333333 0.5883976783333333
Ge 0.41160232166666666 0.41160232166666666 0.7449356549999999
Te 0.5883976783333333 0.5883976783333333 0.9217310116666666
Ge 0.41160232166666666 0.7449356549999999 0.07826898833333333
Te 0.5883976783333333 0.9217310116666666 0.255064345
Ge 0.41160232166666666 0.7449356549999999 0.41160232166666666
Te 0.5883976783333333 0.9217310116666666 0.5883976783333333
Ge 0.41160232166666666 0.7449356549999999 0.7449356549999999
Te 0.5883976783333333 0.9217310116666666 0.9217310116666666
Ge 0.7449356549999999 0.07826898833333333 0.07826898833333333
Te 0.9217310116666666 0.255064345 0.255064345
Ge 0.7449356549999999 0.07826898833333333 0.41160232166666666
Te 0.9217310116666666 0.255064345 0.5883976783333333
Ge 0.7449356549999999 0.07826898833333333 0.7449356549999999
Te 0.9217310116666666 0.255064345 0.9217310116666666
Ge 0.7449356549999999 0.41160232166666666 0.07826898833333333
Te 0.9217310116666666 0.5883976783333333 0.255064345
Ge 0.7449356549999999 0.41160232166666666 0.41160232166666666
Te 0.9217310116666666 0.5883976783333333 0.5883976783333333
Ge 0.7449356549999999 0.41160232166666666 0.7449356549999999
Te 0.9217310116666666 0.5883976783333333 0.9217310116666666
Ge 0.7449356549999999 0.7449356549999999 0.07826898833333333
Te 0.9217310116666666 0.9217310116666666 0.255064345
Ge 0.7449356549999999 0.7449356549999999 0.41160232166666666
Te 0.9217310116666666 0.9217310116666666 0.5883976783333333
Ge 0.7449356549999999 0.7449356549999999 0.7449356549999999
Te 0.9217310116666666 0.9217310116666666 0.9217310116666666
