20.48080005
   1.010373151   0.000000000   0.000000000
   0.000000000   1.010373151   0.000000000
   0.000000000   0.000000000   1.010373151
Si       0.000000000   0.000000000   0.000000000
Si       0.000000059   0.252593588   0.252593588
Si       0.252593588   0.252593588   0.000000059
Si       0.252593588   0.000000059   0.252593588
Si       0.126296714   0.126296714   0.126296714
Si       0.126296939   0.378890364   0.378890364
Si       0.378890364   0.378890364   0.126296939
Si       0.378890364   0.126296939   0.378890364
Si       0.505186575   0.000000000   0.000000000
Si       0.505186486   0.252593830   0.252593830
Si       0.757779563   0.252593588  -0.000000059
Si       0.757779563  -0.000000059   0.252593588
Si       0.631482863   0.126296753   0.126296753
Si       0.631482637   0.378890514   0.378890514
Si       0.884076398   0.378890288   0.126296753
Si       0.884076398   0.126296753   0.378890288
Si       0.000000000   0.505186575   0.000000000
Si      -0.000000059   0.757779563   0.252593588
Si       0.252593588   0.757779563  -0.000000059
Si       0.252593830   0.505186486   0.252593830
Si       0.126296753   0.631482863   0.126296753
Si       0.126296753   0.884076398   0.378890288
Si       0.378890288   0.884076398   0.126296753
Si       0.378890514   0.631482637   0.378890514
Si       0.505186575   0.505186575   0.000000000
Si       0.505186665   0.757779321   0.252593830
Si       0.757779563   0.757779563   0.000000059
Si       0.757779321   0.505186665   0.252593830
Si       0.631482787   0.631482787   0.126296939
Si       0.631482787   0.884076212   0.378890364
Si       0.884076437   0.884076437   0.126296714
Si       0.884076212   0.631482787   0.378890364
Si       0.000000000   0.000000000   0.505186575
Si      -0.000000059   0.252593588   0.757779563
Si       0.252593830   0.252593830   0.505186486
Si       0.252593588  -0.000000059   0.757779563
Si       0.126296753   0.126296753   0.631482863
Si       0.126296753   0.378890288   0.884076398
Si       0.378890514   0.378890514   0.631482637
Si       0.378890288   0.126296753   0.884076398
Si       0.505186575   0.000000000   0.505186575
Si       0.505186665   0.252593830   0.757779321
Si       0.757779321   0.252593830   0.505186665
Si       0.757779563   0.000000059   0.757779563
Si       0.631482787   0.126296939   0.631482787
Si       0.631482787   0.378890364   0.884076212
Si       0.884076212   0.378890364   0.631482787
Si       0.884076437   0.126296714   0.884076437
Si       0.000000000   0.505186575   0.505186575
Si       0.000000059   0.757779563   0.757779563
Si       0.252593830   0.757779321   0.505186665
Si       0.252593830   0.505186665   0.757779321
Si       0.126296939   0.631482787   0.631482787
Si       0.126296714   0.884076437   0.884076437
Si       0.378890364   0.884076212   0.631482787
Si       0.378890364   0.631482787   0.884076212
Si       0.505186575   0.505186575   0.505186575
Si       0.505186486   0.757779321   0.757779321
Si       0.757779321   0.757779321   0.505186486
Si       0.757779321   0.505186486   0.757779321
Si       0.631482637   0.631482637   0.631482637
Si       0.631482863   0.884076398   0.884076398
Si       0.884076398   0.884076398   0.631482863
Si       0.884076398   0.631482863   0.884076398
