alat= 20.48080005
   1.011004405   0.000000000   0.000000000
   0.000000000   1.011004405   0.000000000
   0.000000000   0.000000000   1.011004405
Si       0.002044061   0.248545088   0.248545088
Si       0.248545088   0.248545088   0.002044061
Si       0.248545088   0.002044061   0.248545088
Si       0.114072820   0.114072820   0.114072820
Si       0.125868553   0.377985271   0.377985271
Si       0.377985271   0.377985271   0.125868553
Si       0.377985271   0.125868553   0.377985271
Si       0.505502203   0.000000000   0.000000000
Si       0.505382141   0.252149246   0.252149246
Si       0.762459319   0.248545088  -0.002044061
Si       0.762459319  -0.002044061   0.248545088
Si       0.633427993   0.126072373   0.126072373
Si       0.632067699   0.378936706   0.378936706
Si       0.884932032   0.377576413   0.126072373
Si       0.884932032   0.126072373   0.377576413
Si       0.000000000   0.505502203   0.000000000
Si      -0.002044061   0.762459319   0.248545088
Si       0.248545088   0.762459319  -0.002044061
Si       0.252149246   0.505382141   0.252149246
Si       0.126072373   0.633427993   0.126072373
Si       0.126072373   0.884932032   0.377576413
Si       0.377576413   0.884932032   0.126072373
Si       0.378936706   0.632067699   0.378936706
Si       0.505502203   0.505502203   0.000000000
Si       0.505622264   0.758855159   0.252149246
Si       0.762459319   0.762459319   0.002044061
Si       0.758855159   0.505622264   0.252149246
Si       0.633019135   0.633019135   0.125868553
Si       0.633019135   0.885135852   0.377985271
Si       0.896931585   0.896931585   0.114072820
Si       0.885135852   0.633019135   0.377985271
Si       0.000000000   0.000000000   0.505502203
Si      -0.002044061   0.248545088   0.762459319
Si       0.252149246   0.252149246   0.505382141
Si       0.248545088  -0.002044061   0.762459319
Si       0.126072373   0.126072373   0.633427993
Si       0.126072373   0.377576413   0.884932032
Si       0.378936706   0.378936706   0.632067699
Si       0.377576413   0.126072373   0.884932032
Si       0.505502203   0.000000000   0.505502203
Si       0.505622264   0.252149246   0.758855159
Si       0.758855159   0.252149246   0.505622264
Si       0.762459319   0.002044061   0.762459319
Si       0.633019135   0.125868553   0.633019135
Si       0.633019135   0.377985271   0.885135852
Si       0.885135852   0.377985271   0.633019135
Si       0.896931585   0.114072820   0.896931585
Si       0.000000000   0.505502203   0.505502203
Si       0.002044061   0.762459319   0.762459319
Si       0.252149246   0.758855159   0.505622264
Si       0.252149246   0.505622264   0.758855159
Si       0.125868553   0.633019135   0.633019135
Si       0.114072820   0.896931585   0.896931585
Si       0.377985271   0.885135852   0.633019135
Si       0.377985271   0.633019135   0.885135852
Si       0.505502203   0.505502203   0.505502203
Si       0.505382141   0.758855159   0.758855159
Si       0.758855159   0.758855159   0.505382141
Si       0.758855159   0.505382141   0.758855159
Si       0.632067699   0.632067699   0.632067699
Si       0.633427993   0.884932032   0.884932032
Si       0.884932032   0.884932032   0.633427993
Si       0.884932032   0.633427993   0.884932032
