20.48080005
   1.006869260   0.000000000   0.000000000
   0.000000000   1.006869260   0.000000000
   0.000000000   0.000000000   1.006869260
Si       0.000357167   0.248001086   0.248001086
Si       0.248001086   0.248001086   0.000357167
Si       0.248001086   0.000357167   0.248001086
Si       0.116450195   0.116450195   0.116450195
Si       0.125742167   0.376230470   0.376230470
Si       0.376230470   0.376230470   0.125742167
Si       0.376230470   0.125742167   0.376230470
Si       0.503434630   0.000000000   0.000000000
Si       0.503288293   0.251245846   0.251245846
Si       0.758868175   0.248001086  -0.000357167
Si       0.758868175  -0.000357167   0.248001086
Si       0.629985052   0.125600016   0.125600016
Si       0.629359945   0.377509315   0.377509315
Si       0.881269244   0.376884208   0.125600016
Si       0.881269244   0.125600016   0.376884208
Si       0.000000000   0.503434630   0.000000000
Si      -0.000357167   0.758868175   0.248001086
Si       0.248001086   0.758868175  -0.000357167
Si       0.251245846   0.503288293   0.251245846
Si       0.125600016   0.629985052   0.125600016
Si       0.125600016   0.881269244   0.376884208
Si       0.376884208   0.881269244   0.125600016
Si       0.377509315   0.629359945   0.377509315
Si       0.503434630   0.503434630   0.000000000
Si       0.503580967   0.755623414   0.251245846
Si       0.758868175   0.758868175   0.000357167
Si       0.755623414   0.503580967   0.251245846
Si       0.630638790   0.630638790   0.125742167
Si       0.630638790   0.881127093   0.376230470
Si       0.890419065   0.890419065   0.116450195
Si       0.881127093   0.630638790   0.376230470
Si       0.000000000   0.000000000   0.503434630
Si      -0.000357167   0.248001086   0.758868175
Si       0.251245846   0.251245846   0.503288293
Si       0.248001086  -0.000357167   0.758868175
Si       0.125600016   0.125600016   0.629985052
Si       0.125600016   0.376884208   0.881269244
Si       0.377509315   0.377509315   0.629359945
Si       0.376884208   0.125600016   0.881269244
Si       0.503434630   0.000000000   0.503434630
Si       0.503580967   0.251245846   0.755623414
Si       0.755623414   0.251245846   0.503580967
Si       0.758868175   0.000357167   0.758868175
Si       0.630638790   0.125742167   0.630638790
Si       0.630638790   0.376230470   0.881127093
Si       0.881127093   0.376230470   0.630638790
Si       0.890419065   0.116450195   0.890419065
Si       0.000000000   0.503434630   0.503434630
Si       0.000357167   0.758868175   0.758868175
Si       0.251245846   0.755623414   0.503580967
Si       0.251245846   0.503580967   0.755623414
Si       0.125742167   0.630638790   0.630638790
Si       0.116450195   0.890419065   0.890419065
Si       0.376230470   0.881127093   0.630638790
Si       0.376230470   0.630638790   0.881127093
Si       0.503434630   0.503434630   0.503434630
Si       0.503288293   0.755623414   0.755623414
Si       0.755623414   0.755623414   0.503288293
Si       0.755623414   0.503288293   0.755623414
Si       0.629359945   0.629359945   0.629359945
Si       0.629985052   0.881269244   0.881269244
Si       0.881269244   0.881269244   0.629985052
Si       0.881269244   0.629985052   0.881269244
