20.48080005
   1.001804819   0.000000000   0.000000000
   0.000000000   1.001804819   0.000000000
   0.000000000   0.000000000   1.001804819
Si      -0.000576734   0.246751507   0.246751507
Si       0.246751507   0.246751507  -0.000576734
Si       0.246751507  -0.000576734   0.246751507
Si       0.116417239   0.116417239   0.116417239
Si       0.125725945   0.374316558   0.374316558
Si       0.374316558   0.374316558   0.125725945
Si       0.374316558   0.125725945   0.374316558
Si       0.500902409   0.000000000   0.000000000
Si       0.500878529   0.250047324   0.250047324
Si       0.755053313   0.246751507   0.000576734
Si       0.755053313   0.000576734   0.246751507
Si       0.626458138   0.124928596   0.124928596
Si       0.626115897   0.375688922   0.375688922
Si       0.876876222   0.375346681   0.124928596
Si       0.876876222   0.124928596   0.375346681
Si       0.000000000   0.500902409   0.000000000
Si       0.000576734   0.755053313   0.246751507
Si       0.246751507   0.755053313   0.000576734
Si       0.250047324   0.500878529   0.250047324
Si       0.124928596   0.626458138   0.124928596
Si       0.124928596   0.876876222   0.375346681
Si       0.375346681   0.876876222   0.124928596
Si       0.375688922   0.626115897   0.375688922
Si       0.500902409   0.500902409   0.000000000
Si       0.500926290   0.751757495   0.250047324
Si       0.755053313   0.755053313  -0.000576734
Si       0.751757495   0.500926290   0.250047324
Si       0.627488261   0.627488261   0.125725945
Si       0.627488261   0.876078874   0.374316558
Si       0.885387580   0.885387580   0.116417239
Si       0.876078874   0.627488261   0.374316558
Si       0.000000000   0.000000000   0.500902409
Si       0.000576734   0.246751507   0.755053313
Si       0.250047324   0.250047324   0.500878529
Si       0.246751507   0.000576734   0.755053313
Si       0.124928596   0.124928596   0.626458138
Si       0.124928596   0.375346681   0.876876222
Si       0.375688922   0.375688922   0.626115897
Si       0.375346681   0.124928596   0.876876222
Si       0.500902409   0.000000000   0.500902409
Si       0.500926290   0.250047324   0.751757495
Si       0.751757495   0.250047324   0.500926290
Si       0.755053313  -0.000576734   0.755053313
Si       0.627488261   0.125725945   0.627488261
Si       0.627488261   0.374316558   0.876078874
Si       0.876078874   0.374316558   0.627488261
Si       0.885387580   0.116417239   0.885387580
Si       0.000000000   0.500902409   0.500902409
Si      -0.000576734   0.755053313   0.755053313
Si       0.250047324   0.751757495   0.500926290
Si       0.250047324   0.500926290   0.751757495
Si       0.125725945   0.627488261   0.627488261
Si       0.116417239   0.885387580   0.885387580
Si       0.374316558   0.876078874   0.627488261
Si       0.374316558   0.627488261   0.876078874
Si       0.500902409   0.500902409   0.500902409
Si       0.500878529   0.751757495   0.751757495
Si       0.751757495   0.751757495   0.500878529
Si       0.751757495   0.500878529   0.751757495
Si       0.626115897   0.626115897   0.626115897
Si       0.626458138   0.876876222   0.876876222
Si       0.876876222   0.876876222   0.626458138
Si       0.876876222   0.626458138   0.876876222
