30.72120000
   1.009256313   0.000000000   0.000000000
   0.000000000   1.009256313   0.000000000
   0.000000000   0.000000000   1.009256313
Si       0.000282683   0.165349295   0.165349295
Si       0.165349295   0.165349295   0.000282683
Si       0.165349295   0.000282683   0.165349295
Si       0.076807572   0.076807572   0.076807572
Si       0.083816025   0.250924684   0.250924684
Si       0.250924684   0.250924684   0.083816025
Si       0.250924684   0.083816025   0.250924684
Si       0.335962123   0.000000000   0.000000000
Si       0.673294190   0.000000000   0.000000000
Si       0.335861585   0.167847766   0.167847766
Si       0.673069041   0.168083485   0.168083485
Si       0.504628156   0.168114424   0.000000000
Si       0.843907018   0.165349295  -0.000282683
Si       0.504628156   0.000000000   0.168114424
Si       0.843907018  -0.000282683   0.165349295
Si       0.420400163   0.083951803   0.083951803
Si       0.757560606   0.084055937   0.084055937
Si       0.420268370   0.252113487   0.252113487
Si       0.757046970   0.252209343   0.252209343
Si       0.588860226   0.252164112   0.084063454
Si       0.925200376   0.251695707   0.084055937
Si       0.588860226   0.084063454   0.252164112
Si       0.925200376   0.084055937   0.251695707
Si       0.000000000   0.335962123   0.000000000
Si       0.000000000   0.673294190   0.000000000
Si       0.000000000   0.504628156   0.168114424
Si      -0.000282683   0.843907018   0.165349295
Si       0.168114424   0.504628156   0.000000000
Si       0.165349295   0.843907018  -0.000282683
Si       0.167847766   0.335861585   0.167847766
Si       0.168083485   0.673069041   0.168083485
Si       0.083951803   0.420400163   0.083951803
Si       0.084055937   0.757560606   0.084055937
Si       0.084063454   0.588860226   0.252164112
Si       0.084055937   0.925200376   0.251695707
Si       0.252164112   0.588860226   0.084063454
Si       0.251695707   0.925200376   0.084055937
Si       0.252113487   0.420268370   0.252113487
Si       0.252209343   0.757046970   0.252209343
Si       0.335728126   0.335728126  -0.000056625
Si       0.335728126   0.673528186   0.000056625
Si       0.673528186   0.335728126   0.000056625
Si       0.673528186   0.673528186  -0.000056625
Si       0.336286804   0.504587458   0.168119121
Si       0.336187272   0.841172828   0.168083485
Si       0.672969508   0.504668854   0.168119121
Si       0.673394728   0.841408547   0.167847766
Si       0.504628156   0.504628156   0.000000000
Si       0.504628156   0.841141889   0.000000000
Si       0.841141889   0.504628156   0.000000000
Si       0.843907018   0.843907018   0.000282683
Si       0.504587458   0.336286804   0.168119121
Si       0.504668854   0.672969508   0.168119121
Si       0.841172828   0.336187272   0.168083485
Si       0.841408547   0.673394728   0.167847766
Si       0.420234241   0.420234241   0.084113000
Si       0.420396087   0.757092199   0.084063454
Si       0.757092199   0.420396087   0.084063454
Si       0.758331629   0.758331629   0.083816025
Si       0.420503620   0.588752692   0.252269946
Si       0.420396087   0.925192858   0.252164112
Si       0.757142826   0.588987943   0.252113487
Si       0.758331629   0.925440288   0.250924684
Si       0.589022072   0.589022072   0.084113000
Si       0.588856150   0.925304509   0.083951803
Si       0.925304509   0.588856150   0.083951803
Si       0.932448741   0.932448741   0.076807572
Si       0.588752692   0.420503620   0.252269946
Si       0.588987943   0.757142826   0.252113487
Si       0.925192858   0.420396087   0.252164112
Si       0.925440288   0.758331629   0.250924684
Si       0.000000000   0.000000000   0.335962123
Si       0.000000000   0.000000000   0.673294190
Si       0.000000000   0.168114424   0.504628156
Si      -0.000282683   0.165349295   0.843907018
Si       0.167847766   0.167847766   0.335861585
Si       0.168083485   0.168083485   0.673069041
Si       0.168114424   0.000000000   0.504628156
Si       0.165349295  -0.000282683   0.843907018
Si       0.083951803   0.083951803   0.420400163
Si       0.084055937   0.084055937   0.757560606
Si       0.084063454   0.252164112   0.588860226
Si       0.084055937   0.251695707   0.925200376
Si       0.252113487   0.252113487   0.420268370
Si       0.252209343   0.252209343   0.757046970
Si       0.252164112   0.084063454   0.588860226
Si       0.251695707   0.084055937   0.925200376
Si       0.335728126  -0.000056625   0.335728126
Si       0.335728126   0.000056625   0.673528186
Si       0.673528186   0.000056625   0.335728126
Si       0.673528186  -0.000056625   0.673528186
Si       0.336286804   0.168119121   0.504587458
Si       0.336187272   0.168083485   0.841172828
Si       0.672969508   0.168119121   0.504668854
Si       0.673394728   0.167847766   0.841408547
Si       0.504587458   0.168119121   0.336286804
Si       0.504668854   0.168119121   0.672969508
Si       0.841172828   0.168083485   0.336187272
Si       0.841408547   0.167847766   0.673394728
Si       0.504628156   0.000000000   0.504628156
Si       0.504628156   0.000000000   0.841141889
Si       0.841141889   0.000000000   0.504628156
Si       0.843907018   0.000282683   0.843907018
Si       0.420234241   0.084113000   0.420234241
Si       0.420396087   0.084063454   0.757092199
Si       0.757092199   0.084063454   0.420396087
Si       0.758331629   0.083816025   0.758331629
Si       0.420503620   0.252269946   0.588752692
Si       0.420396087   0.252164112   0.925192858
Si       0.757142826   0.252113487   0.588987943
Si       0.758331629   0.250924684   0.925440288
Si       0.588752692   0.252269946   0.420503620
Si       0.588987943   0.252113487   0.757142826
Si       0.925192858   0.252164112   0.420396087
Si       0.925440288   0.250924684   0.758331629
Si       0.589022072   0.084113000   0.589022072
Si       0.588856150   0.083951803   0.925304509
Si       0.925304509   0.083951803   0.588856150
Si       0.932448741   0.076807572   0.932448741
Si      -0.000056625   0.335728126   0.335728126
Si       0.000056625   0.335728126   0.673528186
Si       0.000056625   0.673528186   0.335728126
Si      -0.000056625   0.673528186   0.673528186
Si       0.000000000   0.504628156   0.504628156
Si       0.000000000   0.504628156   0.841141889
Si       0.000000000   0.841141889   0.504628156
Si       0.000282683   0.843907018   0.843907018
Si       0.168119121   0.504587458   0.336286804
Si       0.168119121   0.504668854   0.672969508
Si       0.168083485   0.841172828   0.336187272
Si       0.167847766   0.841408547   0.673394728
Si       0.168119121   0.336286804   0.504587458
Si       0.168083485   0.336187272   0.841172828
Si       0.168119121   0.672969508   0.504668854
Si       0.167847766   0.673394728   0.841408547
Si       0.084113000   0.420234241   0.420234241
Si       0.084063454   0.420396087   0.757092199
Si       0.084063454   0.757092199   0.420396087
Si       0.083816025   0.758331629   0.758331629
Si       0.084113000   0.589022072   0.589022072
Si       0.083951803   0.588856150   0.925304509
Si       0.083951803   0.925304509   0.588856150
Si       0.076807572   0.932448741   0.932448741
Si       0.252269946   0.588752692   0.420503620
Si       0.252113487   0.588987943   0.757142826
Si       0.252164112   0.925192858   0.420396087
Si       0.250924684   0.925440288   0.758331629
Si       0.252269946   0.420503620   0.588752692
Si       0.252164112   0.420396087   0.925192858
Si       0.252113487   0.757142826   0.588987943
Si       0.250924684   0.758331629   0.925440288
Si       0.336281192   0.336281192   0.336281192
Si       0.336354415   0.336354415   0.672901898
Si       0.336354415   0.672901898   0.336354415
Si       0.336281192   0.672975120   0.672975120
Si       0.672901898   0.336354415   0.336354415
Si       0.672975120   0.336281192   0.672975120
Si       0.672975120   0.672975120   0.336281192
Si       0.672901898   0.672901898   0.672901898
Si       0.336365375   0.504628156   0.504628156
Si       0.336286804   0.504668854   0.841137191
Si       0.336286804   0.841137191   0.504668854
Si       0.335861585   0.841408547   0.841408547
Si       0.672890937   0.504628156   0.504628156
Si       0.672969508   0.504587458   0.841137191
Si       0.672969508   0.841137191   0.504587458
Si       0.673069041   0.841172828   0.841172828
Si       0.504628156   0.504628156   0.336365375
Si       0.504628156   0.504628156   0.672890937
Si       0.504668854   0.841137191   0.336286804
Si       0.504587458   0.841137191   0.672969508
Si       0.841137191   0.504668854   0.336286804
Si       0.841137191   0.504587458   0.672969508
Si       0.841408547   0.841408547   0.335861585
Si       0.841172828   0.841172828   0.673069041
Si       0.504628156   0.336365375   0.504628156
Si       0.504668854   0.336286804   0.841137191
Si       0.504628156   0.672890937   0.504628156
Si       0.504587458   0.672969508   0.841137191
Si       0.841137191   0.336286804   0.504668854
Si       0.841408547   0.335861585   0.841408547
Si       0.841137191   0.672969508   0.504587458
Si       0.841172828   0.673069041   0.841172828
Si       0.420480248   0.420480248   0.420480248
Si       0.420503620   0.420503620   0.756986367
Si       0.420503620   0.756986367   0.420503620
Si       0.420268370   0.757142826   0.757142826
Si       0.756986367   0.420503620   0.420503620
Si       0.757142826   0.420268370   0.757142826
Si       0.757142826   0.757142826   0.420268370
Si       0.757046970   0.757046970   0.757046970
Si       0.420480248   0.588776063   0.588776063
Si       0.420234241   0.589022072   0.925143313
Si       0.420234241   0.925143313   0.589022072
Si       0.420400163   0.925304509   0.925304509
Si       0.756986367   0.588752692   0.588752692
Si       0.757092199   0.588860226   0.925192858
Si       0.757092199   0.925192858   0.588860226
Si       0.757560606   0.925200376   0.925200376
Si       0.588776063   0.588776063   0.420480248
Si       0.588752692   0.588752692   0.756986367
Si       0.589022072   0.925143313   0.420234241
Si       0.588860226   0.925192858   0.757092199
Si       0.925143313   0.589022072   0.420234241
Si       0.925192858   0.588860226   0.757092199
Si       0.925304509   0.925304509   0.420400163
Si       0.925200376   0.925200376   0.757560606
Si       0.588776063   0.420480248   0.588776063
Si       0.589022072   0.420234241   0.925143313
Si       0.588752692   0.756986367   0.588752692
Si       0.588860226   0.757092199   0.925192858
Si       0.925143313   0.420234241   0.589022072
Si       0.925304509   0.420400163   0.925304509
Si       0.925192858   0.757092199   0.588860226
Si       0.925200376   0.757560606   0.925200376
