30.72120000
   1.010354891   0.000000000   0.000000000
   0.000000000   1.010354891   0.000000000
   0.000000000   0.000000000   1.010354891
Si       0.001219675   0.165069550   0.165069550
Si       0.165069550   0.165069550   0.001219675
Si       0.165069550   0.001219675   0.165069550
Si       0.074706888   0.074706888   0.074706888
Si       0.083614555   0.251127644   0.251127644
Si       0.251127644   0.251127644   0.083614555
Si       0.251127644   0.083614555   0.251127644
Si       0.335873467   0.000000000   0.000000000
Si       0.674481424   0.000000000   0.000000000
Si       0.336115034   0.168064660   0.168064660
Si       0.674208186   0.167943773   0.167943773
Si       0.505177446   0.168171777   0.000000000
Si       0.845285341   0.165069550  -0.001219675
Si       0.505177446   0.000000000   0.168171777
Si       0.845285341  -0.001219675   0.165069550
Si       0.420635694   0.083972692   0.083972692
Si       0.759136226   0.084013744   0.084013744
Si       0.420648373   0.252325264   0.252325264
Si       0.757993205   0.252361686   0.252361686
Si       0.589607794   0.252299064   0.084191570
Si       0.926341148   0.251218666   0.084013744
Si       0.589607794   0.084191570   0.252299064
Si       0.926341148   0.084013744   0.251218666
Si       0.000000000   0.335873467   0.000000000
Si       0.000000000   0.674481424   0.000000000
Si       0.000000000   0.505177446   0.168171777
Si      -0.001219675   0.845285341   0.165069550
Si       0.168171777   0.505177446   0.000000000
Si       0.165069550   0.845285341  -0.001219675
Si       0.168064660   0.336115034   0.168064660
Si       0.167943773   0.674208186   0.167943773
Si       0.083972692   0.420635694   0.083972692
Si       0.084013744   0.759136226   0.084013744
Si       0.084191570   0.589607794   0.252299064
Si       0.084013744   0.926341148   0.251218666
Si       0.252299064   0.589607794   0.084191570
Si       0.251218666   0.926341148   0.084013744
Si       0.252325264   0.420648373   0.252325264
Si       0.252361686   0.757993205   0.252361686
Si       0.336145041   0.336145041   0.000061691
Si       0.336145041   0.674209850  -0.000061691
Si       0.674209850   0.336145041  -0.000061691
Si       0.674209850   0.674209850   0.000061691
Si       0.336551652   0.505183646   0.168341253
Si       0.336146705   0.842411118   0.167943773
Si       0.673803239   0.505171245   0.168341253
Si       0.674239857   0.842290231   0.168064660
Si       0.505177446   0.505177446   0.000000000
Si       0.505177446   0.842183114   0.000000000
Si       0.842183114   0.505177446   0.000000000
Si       0.845285341   0.845285341   0.001219675
Si       0.505183646   0.336551652   0.168341253
Si       0.505171245   0.673803239   0.168341253
Si       0.842411118   0.336146705   0.167943773
Si       0.842290231   0.674239857   0.168064660
Si       0.420731262   0.420731262   0.084228877
Si       0.420747097   0.758055827   0.084191570
Si       0.758055827   0.420747097   0.084191570
Si       0.759227247   0.759227247   0.083614555
Si       0.420917721   0.589437170   0.252546845
Si       0.420747097   0.926163321   0.252299064
Si       0.758029627   0.589706518   0.252325264
Si       0.759227247   0.926740336   0.251127644
Si       0.589623629   0.589623629   0.084228877
Si       0.589719197   0.926382199   0.083972692
Si       0.926382199   0.589719197   0.083972692
Si       0.935648003   0.935648003   0.074706888
Si       0.589437170   0.420917721   0.252546845
Si       0.589706518   0.758029627   0.252325264
Si       0.926163321   0.420747097   0.252299064
Si       0.926740336   0.759227247   0.251127644
Si       0.000000000   0.000000000   0.335873467
Si       0.000000000   0.000000000   0.674481424
Si       0.000000000   0.168171777   0.505177446
Si      -0.001219675   0.165069550   0.845285341
Si       0.168064660   0.168064660   0.336115034
Si       0.167943773   0.167943773   0.674208186
Si       0.168171777   0.000000000   0.505177446
Si       0.165069550  -0.001219675   0.845285341
Si       0.083972692   0.083972692   0.420635694
Si       0.084013744   0.084013744   0.759136226
Si       0.084191570   0.252299064   0.589607794
Si       0.084013744   0.251218666   0.926341148
Si       0.252325264   0.252325264   0.420648373
Si       0.252361686   0.252361686   0.757993205
Si       0.252299064   0.084191570   0.589607794
Si       0.251218666   0.084013744   0.926341148
Si       0.336145041   0.000061691   0.336145041
Si       0.336145041  -0.000061691   0.674209850
Si       0.674209850  -0.000061691   0.336145041
Si       0.674209850   0.000061691   0.674209850
Si       0.336551652   0.168341253   0.505183646
Si       0.336146705   0.167943773   0.842411118
Si       0.673803239   0.168341253   0.505171245
Si       0.674239857   0.168064660   0.842290231
Si       0.505183646   0.168341253   0.336551652
Si       0.505171245   0.168341253   0.673803239
Si       0.842411118   0.167943773   0.336146705
Si       0.842290231   0.168064660   0.674239857
Si       0.505177446   0.000000000   0.505177446
Si       0.505177446   0.000000000   0.842183114
Si       0.842183114   0.000000000   0.505177446
Si       0.845285341   0.001219675   0.845285341
Si       0.420731262   0.084228877   0.420731262
Si       0.420747097   0.084191570   0.758055827
Si       0.758055827   0.084191570   0.420747097
Si       0.759227247   0.083614555   0.759227247
Si       0.420917721   0.252546845   0.589437170
Si       0.420747097   0.252299064   0.926163321
Si       0.758029627   0.252325264   0.589706518
Si       0.759227247   0.251127644   0.926740336
Si       0.589437170   0.252546845   0.420917721
Si       0.589706518   0.252325264   0.758029627
Si       0.926163321   0.252299064   0.420747097
Si       0.926740336   0.251127644   0.759227247
Si       0.589623629   0.084228877   0.589623629
Si       0.589719197   0.083972692   0.926382199
Si       0.926382199   0.083972692   0.589719197
Si       0.935648003   0.074706888   0.935648003
Si       0.000061691   0.336145041   0.336145041
Si      -0.000061691   0.336145041   0.674209850
Si      -0.000061691   0.674209850   0.336145041
Si       0.000061691   0.674209850   0.674209850
Si       0.000000000   0.505177446   0.505177446
Si       0.000000000   0.505177446   0.842183114
Si       0.000000000   0.842183114   0.505177446
Si       0.001219675   0.845285341   0.845285341
Si       0.168341253   0.505183646   0.336551652
Si       0.168341253   0.505171245   0.673803239
Si       0.167943773   0.842411118   0.336146705
Si       0.168064660   0.842290231   0.674239857
Si       0.168341253   0.336551652   0.505183646
Si       0.167943773   0.336146705   0.842411118
Si       0.168341253   0.673803239   0.505171245
Si       0.168064660   0.674239857   0.842290231
Si       0.084228877   0.420731262   0.420731262
Si       0.084191570   0.420747097   0.758055827
Si       0.084191570   0.758055827   0.420747097
Si       0.083614555   0.759227247   0.759227247
Si       0.084228877   0.589623629   0.589623629
Si       0.083972692   0.589719197   0.926382199
Si       0.083972692   0.926382199   0.589719197
Si       0.074706888   0.935648003   0.935648003
Si       0.252546845   0.589437170   0.420917721
Si       0.252325264   0.589706518   0.758029627
Si       0.252299064   0.926163321   0.420747097
Si       0.251127644   0.926740336   0.759227247
Si       0.252546845   0.420917721   0.589437170
Si       0.252299064   0.420747097   0.926163321
Si       0.252325264   0.758029627   0.589706518
Si       0.251127644   0.759227247   0.926740336
Si       0.336621863   0.336621863   0.336621863
Si       0.336635429   0.336635429   0.673719462
Si       0.336635429   0.673719462   0.336635429
Si       0.336621863   0.673733028   0.673733028
Si       0.673719462   0.336635429   0.336635429
Si       0.673733028   0.336621863   0.673733028
Si       0.673733028   0.673733028   0.336621863
Si       0.673719462   0.673719462   0.673719462
Si       0.336724541   0.505177446   0.505177446
Si       0.336551652   0.505171245   0.842013639
Si       0.336551652   0.842013639   0.505171245
Si       0.336115034   0.842290231   0.842290231
Si       0.673630350   0.505177446   0.505177446
Si       0.673803239   0.505183646   0.842013639
Si       0.673803239   0.842013639   0.505183646
Si       0.674208186   0.842411118   0.842411118
Si       0.505177446   0.505177446   0.336724541
Si       0.505177446   0.505177446   0.673630350
Si       0.505171245   0.842013639   0.336551652
Si       0.505183646   0.842013639   0.673803239
Si       0.842013639   0.505171245   0.336551652
Si       0.842013639   0.505183646   0.673803239
Si       0.842290231   0.842290231   0.336115034
Si       0.842411118   0.842411118   0.674208186
Si       0.505177446   0.336724541   0.505177446
Si       0.505171245   0.336551652   0.842013639
Si       0.505177446   0.673630350   0.505177446
Si       0.505183646   0.673803239   0.842013639
Si       0.842013639   0.336551652   0.505171245
Si       0.842290231   0.336115034   0.842290231
Si       0.842013639   0.673803239   0.505183646
Si       0.842411118   0.674208186   0.842411118
Si       0.420911547   0.420911547   0.420911547
Si       0.420917721   0.420917721   0.757808047
Si       0.420917721   0.757808047   0.420917721
Si       0.420648373   0.758029627   0.758029627
Si       0.757808047   0.420917721   0.420917721
Si       0.758029627   0.420648373   0.758029627
Si       0.758029627   0.758029627   0.420648373
Si       0.757993205   0.757993205   0.757993205
Si       0.420911547   0.589443344   0.589443344
Si       0.420731262   0.589623629   0.926126014
Si       0.420731262   0.926126014   0.589623629
Si       0.420635694   0.926382199   0.926382199
Si       0.757808047   0.589437170   0.589437170
Si       0.758055827   0.589607794   0.926163321
Si       0.758055827   0.926163321   0.589607794
Si       0.759136226   0.926341148   0.926341148
Si       0.589443344   0.589443344   0.420911547
Si       0.589437170   0.589437170   0.757808047
Si       0.589623629   0.926126014   0.420731262
Si       0.589607794   0.926163321   0.758055827
Si       0.926126014   0.589623629   0.420731262
Si       0.926163321   0.589607794   0.758055827
Si       0.926382199   0.926382199   0.420635694
Si       0.926341148   0.926341148   0.759136226
Si       0.589443344   0.420911547   0.589443344
Si       0.589623629   0.420731262   0.926126014
Si       0.589437170   0.757808047   0.589437170
Si       0.589607794   0.758055827   0.926163321
Si       0.926126014   0.420731262   0.589623629
Si       0.926382199   0.420635694   0.926382199
Si       0.926163321   0.758055827   0.589607794
Si       0.926341148   0.759136226   0.926341148
