30.72120000
   1.007982162   0.000000000   0.000000000
   0.000000000   1.007982162   0.000000000
   0.000000000   0.000000000   1.007982162
Si      -0.000936264   0.165910623   0.165910623
Si       0.165910623   0.165910623  -0.000936264
Si       0.165910623  -0.000936264   0.165910623
Si       0.079918105   0.079918105   0.079918105
Si       0.084029224   0.250697491   0.250697491
Si       0.250697491   0.250697491   0.084029224
Si       0.250697491   0.084029224   0.250697491
Si       0.336137848   0.000000000   0.000000000
Si       0.671844313   0.000000000   0.000000000
Si       0.335618696   0.167609144   0.167609144
Si       0.671774321   0.168219760   0.168219760
Si       0.503991081   0.168009241   0.000000000
Si       0.842071539   0.165910623   0.000936264
Si       0.503991081   0.000000000   0.168009241
Si       0.842071539   0.000936264   0.165910623
Si       0.420156970   0.083926207   0.083926207
Si       0.755614267   0.084089416   0.084089416
Si       0.419862394   0.251918485   0.251918485
Si       0.755955312   0.252026850   0.252026850
Si       0.587996140   0.251978686   0.083941076
Si       0.923892745   0.252367895   0.084089416
Si       0.587996140   0.083941076   0.251978686
Si       0.923892745   0.084089416   0.252367895
Si       0.000000000   0.336137848   0.000000000
Si       0.000000000   0.671844313   0.000000000
Si       0.000000000   0.503991081   0.168009241
Si       0.000936264   0.842071539   0.165910623
Si       0.168009241   0.503991081   0.000000000
Si       0.165910623   0.842071539   0.000936264
Si       0.167609144   0.335618696   0.167609144
Si       0.168219760   0.671774321   0.168219760
Si       0.083926207   0.420156970   0.083926207
Si       0.084089416   0.755614267   0.084089416
Si       0.083941076   0.587996140   0.251978686
Si       0.084089416   0.923892745   0.252367895
Si       0.251978686   0.587996140   0.083941076
Si       0.252367895   0.923892745   0.084089416
Si       0.251918485   0.419862394   0.251918485
Si       0.252026850   0.755955312   0.252026850
Si       0.335190353   0.335190353  -0.000156779
Si       0.335190353   0.672791809   0.000156779
Si       0.672791809   0.335190353   0.000156779
Si       0.672791809   0.672791809  -0.000156779
Si       0.335970892   0.503924772   0.167912615
Si       0.336207841   0.839762402   0.168219760
Si       0.672011270   0.504057389   0.167912615
Si       0.672363466   0.840373017   0.167609144
Si       0.503991081   0.503991081   0.000000000
Si       0.503991081   0.839972921   0.000000000
Si       0.839972921   0.503991081   0.000000000
Si       0.842071539   0.842071539  -0.000936264
Si       0.503924772   0.335970892   0.167912615
Si       0.504057389   0.672011270   0.167912615
Si       0.839762402   0.336207841   0.168219760
Si       0.840373017   0.672363466   0.167609144
Si       0.419619009   0.419619009   0.084023647
Si       0.419986021   0.756003476   0.083941076
Si       0.756003476   0.419986021   0.083941076
Si       0.757284670   0.757284670   0.084029224
Si       0.419998420   0.587983742   0.251997973
Si       0.419986021   0.924041086   0.251978686
Si       0.756063677   0.588119768   0.251918485
Si       0.757284670   0.923952937   0.250697491
Si       0.588363152   0.588363152   0.084023647
Si       0.587825191   0.924055954   0.083926207
Si       0.924055954   0.587825191   0.083926207
Si       0.928064057   0.928064057   0.079918105
Si       0.587983742   0.419998420   0.251997973
Si       0.588119768   0.756063677   0.251918485
Si       0.924041086   0.419986021   0.251978686
Si       0.923952937   0.757284670   0.250697491
Si       0.000000000   0.000000000   0.336137848
Si       0.000000000   0.000000000   0.671844313
Si       0.000000000   0.168009241   0.503991081
Si       0.000936264   0.165910623   0.842071539
Si       0.167609144   0.167609144   0.335618696
Si       0.168219760   0.168219760   0.671774321
Si       0.168009241   0.000000000   0.503991081
Si       0.165910623   0.000936264   0.842071539
Si       0.083926207   0.083926207   0.420156970
Si       0.084089416   0.084089416   0.755614267
Si       0.083941076   0.251978686   0.587996140
Si       0.084089416   0.252367895   0.923892745
Si       0.251918485   0.251918485   0.419862394
Si       0.252026850   0.252026850   0.755955312
Si       0.251978686   0.083941076   0.587996140
Si       0.252367895   0.084089416   0.923892745
Si       0.335190353  -0.000156779   0.335190353
Si       0.335190353   0.000156779   0.672791809
Si       0.672791809   0.000156779   0.335190353
Si       0.672791809  -0.000156779   0.672791809
Si       0.335970892   0.167912615   0.503924772
Si       0.336207841   0.168219760   0.839762402
Si       0.672011270   0.167912615   0.504057389
Si       0.672363466   0.167609144   0.840373017
Si       0.503924772   0.167912615   0.335970892
Si       0.504057389   0.167912615   0.672011270
Si       0.839762402   0.168219760   0.336207841
Si       0.840373017   0.167609144   0.672363466
Si       0.503991081   0.000000000   0.503991081
Si       0.503991081   0.000000000   0.839972921
Si       0.839972921   0.000000000   0.503991081
Si       0.842071539  -0.000936264   0.842071539
Si       0.419619009   0.084023647   0.419619009
Si       0.419986021   0.083941076   0.756003476
Si       0.756003476   0.083941076   0.419986021
Si       0.757284670   0.084029224   0.757284670
Si       0.419998420   0.251997973   0.587983742
Si       0.419986021   0.251978686   0.924041086
Si       0.756063677   0.251918485   0.588119768
Si       0.757284670   0.250697491   0.923952937
Si       0.587983742   0.251997973   0.419998420
Si       0.588119768   0.251918485   0.756063677
Si       0.924041086   0.251978686   0.419986021
Si       0.923952937   0.250697491   0.757284670
Si       0.588363152   0.084023647   0.588363152
Si       0.587825191   0.083926207   0.924055954
Si       0.924055954   0.083926207   0.587825191
Si       0.928064057   0.079918105   0.928064057
Si      -0.000156779   0.335190353   0.335190353
Si       0.000156779   0.335190353   0.672791809
Si       0.000156779   0.672791809   0.335190353
Si      -0.000156779   0.672791809   0.672791809
Si       0.000000000   0.503991081   0.503991081
Si       0.000000000   0.503991081   0.839972921
Si       0.000000000   0.839972921   0.503991081
Si      -0.000936264   0.842071539   0.842071539
Si       0.167912615   0.503924772   0.335970892
Si       0.167912615   0.504057389   0.672011270
Si       0.168219760   0.839762402   0.336207841
Si       0.167609144   0.840373017   0.672363466
Si       0.167912615   0.335970892   0.503924772
Si       0.168219760   0.336207841   0.839762402
Si       0.167912615   0.672011270   0.504057389
Si       0.167609144   0.672363466   0.840373017
Si       0.084023647   0.419619009   0.419619009
Si       0.083941076   0.419986021   0.756003476
Si       0.083941076   0.756003476   0.419986021
Si       0.084029224   0.757284670   0.757284670
Si       0.084023647   0.588363152   0.588363152
Si       0.083926207   0.587825191   0.924055954
Si       0.083926207   0.924055954   0.587825191
Si       0.079918105   0.928064057   0.928064057
Si       0.251997973   0.587983742   0.419998420
Si       0.251918485   0.588119768   0.756063677
Si       0.251978686   0.924041086   0.419986021
Si       0.250697491   0.923952937   0.757284670
Si       0.251997973   0.419998420   0.587983742
Si       0.251978686   0.419986021   0.924041086
Si       0.251918485   0.756063677   0.588119768
Si       0.250697491   0.757284670   0.923952937
Si       0.335888977   0.335888977   0.335888977
Si       0.336017084   0.336017084   0.671965078
Si       0.336017084   0.671965078   0.336017084
Si       0.335888977   0.672093185   0.672093185
Si       0.671965078   0.336017084   0.336017084
Si       0.672093185   0.335888977   0.672093185
Si       0.672093185   0.672093185   0.335888977
Si       0.671965078   0.671965078   0.671965078
Si       0.335950655   0.503991081   0.503991081
Si       0.335970892   0.504057389   0.840069546
Si       0.335970892   0.840069546   0.504057389
Si       0.335618696   0.840373017   0.840373017
Si       0.672031507   0.503991081   0.503991081
Si       0.672011270   0.503924772   0.840069546
Si       0.672011270   0.840069546   0.503924772
Si       0.671774321   0.839762402   0.839762402
Si       0.503991081   0.503991081   0.335950655
Si       0.503991081   0.503991081   0.672031507
Si       0.504057389   0.840069546   0.335970892
Si       0.503924772   0.840069546   0.672011270
Si       0.840069546   0.504057389   0.335970892
Si       0.840069546   0.503924772   0.672011270
Si       0.840373017   0.840373017   0.335618696
Si       0.839762402   0.839762402   0.671774321
Si       0.503991081   0.335950655   0.503991081
Si       0.504057389   0.335970892   0.840069546
Si       0.503991081   0.672031507   0.503991081
Si       0.503924772   0.672011270   0.840069546
Si       0.840069546   0.335970892   0.504057389
Si       0.840373017   0.335618696   0.840373017
Si       0.840069546   0.672011270   0.503924772
Si       0.839762402   0.671774321   0.839762402
Si       0.419977885   0.419977885   0.419977885
Si       0.419998420   0.419998420   0.755984189
Si       0.419998420   0.755984189   0.419998420
Si       0.419862394   0.756063677   0.756063677
Si       0.755984189   0.419998420   0.419998420
Si       0.756063677   0.419862394   0.756063677
Si       0.756063677   0.756063677   0.419862394
Si       0.755955312   0.755955312   0.755955312
Si       0.419977885   0.588004276   0.588004276
Si       0.419619009   0.588363152   0.923958514
Si       0.419619009   0.923958514   0.588363152
Si       0.420156970   0.924055954   0.924055954
Si       0.755984189   0.587983742   0.587983742
Si       0.756003476   0.587996140   0.924041086
Si       0.756003476   0.924041086   0.587996140
Si       0.755614267   0.923892745   0.923892745
Si       0.588004276   0.588004276   0.419977885
Si       0.587983742   0.587983742   0.755984189
Si       0.588363152   0.923958514   0.419619009
Si       0.587996140   0.924041086   0.756003476
Si       0.923958514   0.588363152   0.419619009
Si       0.924041086   0.587996140   0.756003476
Si       0.924055954   0.924055954   0.420156970
Si       0.923892745   0.923892745   0.755614267
Si       0.588004276   0.419977885   0.588004276
Si       0.588363152   0.419619009   0.923958514
Si       0.587983742   0.755984189   0.587983742
Si       0.587996140   0.756003476   0.924041086
Si       0.923958514   0.419619009   0.588363152
Si       0.924055954   0.420156970   0.924055954
Si       0.924041086   0.756003476   0.587996140
Si       0.923892745   0.755614267   0.923892745
